,Date,US,China,India,Japan,Korea,Singapore,Italy,UK,Germany,Spain,Brazil,Australia,Canada,Argentina,South Africa,Sweden,Algeria,Bangladesh,Pakistan,World
0,2020-01-22,1,547,0,2,1,0,0,0,0,0,0,0,0,0,0,0,0,0,0,555
1,2020-01-23,1,639,0,1,1,1,0,0,0,0,0,0,0,0,0,0,0,0,0,653
2,2020-01-24,2,916,0,2,2,3,0,0,0,0,0,0,0,0,0,0,0,0,0,941
3,2020-01-25,2,1399,0,2,2,3,0,0,0,0,0,4,0,0,0,0,0,0,0,1438
4,2020-01-26,5,2062,0,4,3,4,0,0,0,0,0,4,1,0,0,0,0,0,0,2118
5,2020-01-27,5,2863,0,4,4,5,0,0,0,0,0,5,1,0,0,0,0,0,0,2927
6,2020-01-28,5,5494,0,7,4,7,0,0,4,0,0,5,2,0,0,0,0,0,0,5578
7,2020-01-29,5,6070,0,7,4,7,0,0,4,0,0,5,2,0,0,0,0,0,0,6165
8,2020-01-30,5,8124,1,11,4,10,0,0,4,0,0,9,3,0,0,0,0,0,0,8235
9,2020-01-31,6,9783,1,15,11,13,2,2,5,0,0,9,3,0,0,1,0,0,0,9925
10,2020-02-01,8,11871,1,20,12,16,2,2,8,1,0,12,4,0,0,1,0,0,0,12038
11,2020-02-02,8,16607,2,20,15,18,2,2,10,1,0,12,4,0,0,1,0,0,0,16787
12,2020-02-03,11,19693,3,20,15,18,2,2,12,1,0,12,4,0,0,1,0,0,0,19881
13,2020-02-04,11,23680,3,22,16,24,2,2,12,1,0,13,4,0,0,1,0,0,0,23892
14,2020-02-05,12,27409,3,22,19,28,2,2,12,1,0,13,5,0,0,1,0,0,0,27636
15,2020-02-06,12,30553,3,45,23,28,2,2,12,1,0,14,5,0,0,1,0,0,0,30818
16,2020-02-07,12,34075,3,25,24,30,3,3,13,1,0,15,7,0,0,1,0,0,0,34392
17,2020-02-08,12,36778,3,25,24,33,3,3,13,1,0,15,7,0,0,1,0,0,0,37121
18,2020-02-09,12,39790,3,26,25,40,3,3,14,2,0,15,7,0,0,1,0,0,0,40151
19,2020-02-10,12,42306,3,26,27,45,3,8,14,2,0,15,7,0,0,1,0,0,0,42763
20,2020-02-11,13,44327,3,26,28,47,3,8,16,2,0,15,7,0,0,1,0,0,0,44803
21,2020-02-12,13,44699,3,28,28,50,3,9,16,2,0,15,7,0,0,1,0,0,0,45222
22,2020-02-13,15,59832,3,28,28,58,3,9,16,2,0,15,7,0,0,1,0,0,0,60370
23,2020-02-14,15,66292,3,29,28,67,3,9,16,2,0,15,7,0,0,1,0,0,0,66887
24,2020-02-15,15,68347,3,43,28,72,3,9,16,2,0,15,7,0,0,1,0,0,0,69032
25,2020-02-16,15,70446,3,59,29,75,3,9,16,2,0,15,7,0,0,1,0,0,0,71226
26,2020-02-17,15,72364,3,66,30,77,3,9,16,2,0,15,8,0,0,1,0,0,0,73260
27,2020-02-18,15,74139,3,74,31,81,3,9,16,2,0,15,8,0,0,1,0,0,0,75138
28,2020-02-19,15,74546,3,84,31,84,3,9,16,2,0,15,8,0,0,1,0,0,0,75641
29,2020-02-20,15,74999,3,94,104,84,3,9,16,2,0,15,8,0,0,1,0,0,0,76199
30,2020-02-21,35,75472,3,105,204,85,20,9,16,2,0,19,9,0,0,1,0,0,0,76843
31,2020-02-22,35,76922,3,122,433,85,62,9,16,2,0,22,9,0,0,1,0,0,0,78599
32,2020-02-23,35,76938,3,147,602,89,155,9,16,2,0,22,9,0,0,1,0,0,0,78985
33,2020-02-24,53,77152,3,159,833,89,229,13,16,2,0,22,10,0,0,1,0,0,0,79570
34,2020-02-25,53,77660,3,170,977,91,322,13,17,6,0,22,11,0,0,1,1,0,0,80415
35,2020-02-26,59,78065,3,189,1261,93,453,13,27,13,1,22,11,0,0,2,1,0,2,81397
36,2020-02-27,60,78498,3,214,1766,93,655,15,46,15,1,23,13,0,0,7,1,0,2,82756
37,2020-02-28,62,78824,3,228,2337,93,888,20,48,32,1,23,14,0,0,7,1,0,2,84124
38,2020-02-29,70,79251,3,241,3150,102,1128,23,79,45,2,25,20,0,0,12,1,0,4,86013
39,2020-03-01,76,79826,3,256,3736,106,1694,36,130,84,2,27,24,0,0,14,1,0,4,88371
40,2020-03-02,101,80026,5,274,4335,108,2036,40,159,120,2,30,27,0,0,15,3,0,4,90309
41,2020-03-03,122,80151,5,293,5186,110,2502,51,196,165,2,39,30,1,0,21,5,0,5,92844
42,2020-03-04,153,80271,28,331,5621,110,3089,85,262,222,4,52,33,1,0,35,12,0,5,95124
43,2020-03-05,221,80422,30,360,6088,117,3858,115,482,259,4,55,37,1,1,94,12,0,5,97886
44,2020-03-06,278,80573,31,420,6593,130,4636,163,670,400,13,60,49,2,1,101,17,0,6,101800
45,2020-03-07,417,80652,34,461,7041,138,5883,206,799,500,13,63,54,8,1,161,17,0,6,105836
46,2020-03-08,537,80699,39,502,7314,150,7375,273,1040,673,20,76,64,12,3,203,19,3,6,109835
47,2020-03-09,605,80735,43,511,7478,150,9172,321,1176,1073,25,91,76,12,3,248,20,3,6,113582
48,2020-03-10,959,80757,56,581,0,160,10149,382,1457,1695,31,107,79,17,7,355,20,3,16,118582
49,2020-03-11,1281,80921,62,639,0,178,12462,459,1908,2277,38,128,108,19,13,500,20,3,19,125865
50,2020-03-12,1663,80932,73,639,0,178,12462,459,2078,2277,52,128,117,19,17,599,24,3,20,128343
51,2020-03-13,2179,80945,82,701,0,200,17660,801,3675,5232,151,200,193,31,24,814,26,3,28,145193
52,2020-03-14,2726,80977,102,773,0,212,21157,1143,4585,6391,151,250,196,34,38,961,37,3,31,156099
53,2020-03-15,3499,81003,113,839,0,226,24747,1144,5795,7798,162,297,250,45,51,1022,48,5,53,167447
54,2020-03-16,4632,81033,119,825,0,243,27980,1551,7272,9942,200,377,415,56,62,1103,54,8,136,181546
55,2020-03-17,6421,81058,142,878,0,266,31506,1960,9257,11748,321,452,478,68,62,1190,60,10,236,197168
56,2020-03-18,7786,81102,156,889,0,313,35713,2642,12327,13910,372,568,657,79,116,1279,74,14,299,214915
57,2020-03-19,13680,81156,194,924,0,345,41035,2716,15320,17963,621,681,800,97,150,1439,87,17,454,242713
58,2020-03-20,19101,81250,244,963,0,385,47021,4014,19848,20410,793,791,943,128,202,1639,90,20,501,272167
59,2020-03-21,25493,81305,330,1007,0,432,53578,5067,22213,25374,1021,1071,1278,158,240,1763,139,25,730,304528
60,2020-03-22,33746,81397,396,1086,0,455,59138,5741,24873,28603,1546,1490,1470,266,274,1931,201,27,776,337020
61,2020-03-23,43667,81496,499,1128,0,509,63927,6726,29056,35136,1924,1682,2088,266,402,2046,230,33,875,378287
62,2020-03-24,53740,81591,536,1193,0,558,69176,8164,32986,39885,2247,2044,2790,387,554,2286,264,39,972,417966
63,2020-03-25,65778,81661,657,1307,0,631,74386,9640,37323,49515,2554,2364,3251,387,709,2526,302,39,1063,467594
64,2020-03-26,83836,81782,727,1387,0,683,80589,11812,43938,57786,2985,2810,4042,502,927,2840,367,44,1201,529591
65,2020-03-27,101657,81897,887,1468,0,732,86498,14745,50871,65719,3417,3143,4682,589,1170,3069,409,48,1373,593291
66,2020-03-28,121478,81999,987,1693,0,802,92472,17312,57695,73235,3904,3640,5576,690,1187,3447,454,48,1495,660706
67,2020-03-29,140886,82122,1024,1866,0,844,97689,19780,62095,80110,4256,3984,6280,745,1280,3700,511,48,1597,720117
68,2020-03-30,161807,82198,1251,1866,0,879,101739,22453,66885,87956,4579,4361,7398,820,1326,4028,584,49,1717,782365
69,2020-03-31,188172,82279,1397,1953,0,926,105792,25481,71808,95923,5717,4559,8527,1054,1353,4435,716,51,1938,857487
70,2020-04-01,213372,82361,1998,2178,0,1000,110574,29865,77872,104118,6836,4862,9560,1054,1380,4947,847,54,2118,932605
71,2020-04-02,243453,82432,2543,2495,0,1049,115242,34173,84794,112065,8044,5116,11284,1133,1462,5568,986,56,2421,1013157
