,Date,US,China,India,Japan,Korea,Singapore,Italy,UK,Germany,Spain,Brazil,Australia,Canada,Argentina,South Africa,Sweden,Algeria,Bangladesh,Pakistan,World
0,2020-01-22,0,17,0,0,0,0,0,0,0,0,0,0,0,0,0,0,0,0,0,17
1,2020-01-23,0,18,0,0,0,0,0,0,0,0,0,0,0,0,0,0,0,0,0,18
2,2020-01-24,0,26,0,0,0,0,0,0,0,0,0,0,0,0,0,0,0,0,0,26
3,2020-01-25,0,42,0,0,0,0,0,0,0,0,0,0,0,0,0,0,0,0,0,42
4,2020-01-26,0,56,0,0,0,0,0,0,0,0,0,0,0,0,0,0,0,0,0,56
5,2020-01-27,0,82,0,0,0,0,0,0,0,0,0,0,0,0,0,0,0,0,0,82
6,2020-01-28,0,131,0,0,0,0,0,0,0,0,0,0,0,0,0,0,0,0,0,131
7,2020-01-29,0,133,0,0,0,0,0,0,0,0,0,0,0,0,0,0,0,0,0,133
8,2020-01-30,0,171,0,0,0,0,0,0,0,0,0,0,0,0,0,0,0,0,0,171
9,2020-01-31,0,213,0,0,0,0,0,0,0,0,0,0,0,0,0,0,0,0,0,213
10,2020-02-01,0,259,0,0,0,0,0,0,0,0,0,0,0,0,0,0,0,0,0,259
11,2020-02-02,0,361,0,0,0,0,0,0,0,0,0,0,0,0,0,0,0,0,0,362
12,2020-02-03,0,425,0,0,0,0,0,0,0,0,0,0,0,0,0,0,0,0,0,426
13,2020-02-04,0,490,0,0,0,0,0,0,0,0,0,0,0,0,0,0,0,0,0,492
14,2020-02-05,0,562,0,0,0,0,0,0,0,0,0,0,0,0,0,0,0,0,0,564
15,2020-02-06,0,632,0,0,0,0,0,0,0,0,0,0,0,0,0,0,0,0,0,634
16,2020-02-07,0,717,0,0,0,0,0,0,0,0,0,0,0,0,0,0,0,0,0,719
17,2020-02-08,0,804,0,0,0,0,0,0,0,0,0,0,0,0,0,0,0,0,0,806
18,2020-02-09,0,904,0,0,0,0,0,0,0,0,0,0,0,0,0,0,0,0,0,906
19,2020-02-10,0,1011,0,0,0,0,0,0,0,0,0,0,0,0,0,0,0,0,0,1013
20,2020-02-11,0,1111,0,0,0,0,0,0,0,0,0,0,0,0,0,0,0,0,0,1113
21,2020-02-12,0,1116,0,0,0,0,0,0,0,0,0,0,0,0,0,0,0,0,0,1118
22,2020-02-13,0,1368,0,1,0,0,0,0,0,0,0,0,0,0,0,0,0,0,0,1371
23,2020-02-14,0,1520,0,1,0,0,0,0,0,0,0,0,0,0,0,0,0,0,0,1523
24,2020-02-15,0,1662,0,1,0,0,0,0,0,0,0,0,0,0,0,0,0,0,0,1666
25,2020-02-16,0,1765,0,1,0,0,0,0,0,0,0,0,0,0,0,0,0,0,0,1770
26,2020-02-17,0,1863,0,1,0,0,0,0,0,0,0,0,0,0,0,0,0,0,0,1868
27,2020-02-18,0,2002,0,1,0,0,0,0,0,0,0,0,0,0,0,0,0,0,0,2007
28,2020-02-19,0,2114,0,1,0,0,0,0,0,0,0,0,0,0,0,0,0,0,0,2122
29,2020-02-20,0,2236,0,1,1,0,0,0,0,0,0,0,0,0,0,0,0,0,0,2247
30,2020-02-21,0,2236,0,1,2,0,1,0,0,0,0,0,0,0,0,0,0,0,0,2251
31,2020-02-22,0,2441,0,1,2,0,2,0,0,0,0,0,0,0,0,0,0,0,0,2458
32,2020-02-23,0,2443,0,1,6,0,3,0,0,0,0,0,0,0,0,0,0,0,0,2469
33,2020-02-24,0,2593,0,1,8,0,7,0,0,0,0,0,0,0,0,0,0,0,0,2629
34,2020-02-25,0,2663,0,1,10,0,10,0,0,0,0,0,0,0,0,0,0,0,0,2708
35,2020-02-26,0,2715,0,2,12,0,12,0,0,0,0,0,0,0,0,0,0,0,0,2770
36,2020-02-27,0,2744,0,4,13,0,17,0,0,0,0,0,0,0,0,0,0,0,0,2814
37,2020-02-28,0,2788,0,4,13,0,21,0,0,0,0,0,0,0,0,0,0,0,0,2872
38,2020-02-29,1,2835,0,5,16,0,29,0,0,0,0,0,0,0,0,0,0,0,0,2941
39,2020-03-01,1,2870,0,6,17,0,34,0,0,0,0,1,0,0,0,0,0,0,0,2996
40,2020-03-02,6,2912,0,6,28,0,52,0,0,0,0,1,0,0,0,0,0,0,0,3085
41,2020-03-03,7,2945,0,6,28,0,79,0,0,1,0,1,0,0,0,0,0,0,0,3160
42,2020-03-04,11,2981,0,6,35,0,107,0,0,2,0,2,0,0,0,0,0,0,0,3254
43,2020-03-05,12,3013,0,6,35,0,148,1,0,3,0,2,0,0,0,0,0,0,0,3348
44,2020-03-06,14,3042,0,6,42,0,197,2,0,5,0,2,0,0,0,0,0,0,0,3460
45,2020-03-07,17,3070,0,6,44,0,233,2,0,10,0,2,0,0,0,0,0,0,0,3558
46,2020-03-08,21,3097,0,6,50,0,366,3,0,17,0,4,0,1,0,0,0,0,0,3803
47,2020-03-09,22,3120,0,17,53,0,463,4,2,28,0,4,1,1,0,0,0,0,0,3996
48,2020-03-10,28,3136,0,10,0,0,631,6,2,35,0,3,1,1,0,0,0,0,0,4262
49,2020-03-11,36,3161,1,15,0,0,827,8,3,54,0,3,1,1,0,1,0,0,0,4615
50,2020-03-12,40,3172,1,16,0,0,827,8,3,55,0,3,1,1,0,1,1,0,0,4720
51,2020-03-13,47,3180,2,19,0,0,1266,8,7,133,0,3,1,2,0,1,2,0,0,5404
52,2020-03-14,54,3193,2,22,0,0,1441,21,9,195,0,3,1,2,0,2,3,0,0,5819
53,2020-03-15,63,3203,2,22,0,0,1809,21,11,289,0,3,1,2,0,3,4,0,0,6440
54,2020-03-16,85,3217,2,27,0,0,2158,56,17,342,0,3,4,2,0,6,4,0,0,7126
55,2020-03-17,108,3230,3,29,0,0,2503,56,24,533,1,5,5,2,0,7,4,0,0,7905
56,2020-03-18,118,3241,3,29,0,0,2978,72,28,623,3,6,8,2,0,10,7,1,0,8733
57,2020-03-19,200,3249,4,29,0,0,3405,138,44,830,6,6,9,3,0,11,9,1,2,9867
58,2020-03-20,244,3253,5,33,0,0,4032,178,67,1043,11,7,12,3,0,16,11,1,3,11299
59,2020-03-21,307,3259,4,35,0,2,4825,234,84,1375,15,7,19,4,0,20,15,2,3,12973
60,2020-03-22,427,3265,7,36,0,2,5476,282,94,1756,25,7,21,4,0,21,17,2,4,14623
61,2020-03-23,552,3274,10,42,0,2,6077,336,123,2311,34,7,25,4,0,25,17,3,6,16497
62,2020-03-24,706,3281,10,43,0,2,6820,423,157,2808,46,8,26,6,0,36,19,4,7,18615
63,2020-03-25,942,3285,12,45,0,2,7503,466,206,3647,59,8,30,8,0,62,21,5,8,21181
64,2020-03-26,1209,3291,20,47,0,2,8215,580,267,4365,77,13,38,9,0,77,25,5,9,23970
65,2020-03-27,1581,3296,20,49,0,2,9134,761,342,5138,92,13,54,13,1,105,26,5,11,27198
66,2020-03-28,2026,3299,24,52,0,2,10023,1021,433,5982,111,14,61,18,1,105,29,5,12,30652
67,2020-03-29,2467,3304,27,54,0,3,10779,1231,533,6803,136,16,64,19,2,110,31,5,14,33925
68,2020-03-30,2978,3308,32,54,0,3,11591,1411,645,7716,159,17,80,23,3,146,35,5,21,37582
69,2020-03-31,3873,3309,35,56,0,3,12428,1793,775,8464,201,18,101,27,5,180,44,5,26,42107
70,2020-04-01,4757,3316,58,57,0,3,13155,2357,920,9387,240,20,109,28,5,239,58,6,27,46809
71,2020-04-02,5926,3322,72,62,0,4,13915,2926,1107,10348,324,24,139,36,5,308,86,6,34,52983
