,Date,US,China,India,Japan,Korea,Singapore,Italy,UK,Germany,Spain,Brazil,Australia,Canada,Argentina,South Africa,Sweden,Algeria,Bangladesh,Pakistan,World
0,2020-01-22,0,28,0,0,0,0,0,0,0,0,0,0,0,0,0,0,0,0,0,28
1,2020-01-23,0,30,0,0,0,0,0,0,0,0,0,0,0,0,0,0,0,0,0,30
2,2020-01-24,0,36,0,0,0,0,0,0,0,0,0,0,0,0,0,0,0,0,0,36
3,2020-01-25,0,39,0,0,0,0,0,0,0,0,0,0,0,0,0,0,0,0,0,39
4,2020-01-26,0,49,0,1,0,0,0,0,0,0,0,0,0,0,0,0,0,0,0,52
5,2020-01-27,0,58,0,1,0,0,0,0,0,0,0,0,0,0,0,0,0,0,0,61
6,2020-01-28,0,101,0,1,0,0,0,0,0,0,0,0,0,0,0,0,0,0,0,107
7,2020-01-29,0,120,0,1,0,0,0,0,0,0,0,0,0,0,0,0,0,0,0,126
8,2020-01-30,0,135,0,1,0,0,0,0,0,0,0,2,0,0,0,0,0,0,0,143
9,2020-01-31,0,214,0,1,0,0,0,0,0,0,0,2,0,0,0,0,0,0,0,222
10,2020-02-01,0,275,0,1,0,0,0,0,0,0,0,2,0,0,0,0,0,0,0,284
11,2020-02-02,0,463,0,1,0,0,0,0,0,0,0,2,0,0,0,0,0,0,0,472
12,2020-02-03,0,614,0,1,0,0,0,0,0,0,0,2,0,0,0,0,0,0,0,623
13,2020-02-04,0,843,0,1,0,0,0,0,0,0,0,2,0,0,0,0,0,0,0,852
14,2020-02-05,0,1115,0,1,0,0,0,0,0,0,0,2,0,0,0,0,0,0,0,1124
15,2020-02-06,0,1476,0,1,0,0,0,0,0,0,0,2,0,0,0,0,0,0,0,1487
16,2020-02-07,0,1998,0,1,1,0,0,0,0,0,0,2,0,0,0,0,0,0,0,2011
17,2020-02-08,0,2595,0,1,1,2,0,0,0,0,0,2,0,0,0,0,0,0,0,2616
18,2020-02-09,3,3218,0,1,3,2,0,0,0,0,0,2,0,0,0,0,0,0,0,3244
19,2020-02-10,3,3917,0,4,3,2,0,0,0,0,0,2,0,0,0,0,0,0,0,3946
20,2020-02-11,3,4635,0,9,3,9,0,0,0,0,0,2,0,0,0,0,0,0,0,4683
21,2020-02-12,3,5079,0,9,7,15,0,1,0,0,0,2,1,0,0,0,0,0,0,5150
22,2020-02-13,3,6213,0,9,7,15,0,1,1,0,0,8,1,0,0,0,0,0,0,6295
23,2020-02-14,3,7973,0,9,7,17,0,1,1,0,0,8,1,0,0,0,0,0,0,8058
24,2020-02-15,3,9294,0,12,9,18,0,1,1,2,0,8,1,0,0,0,0,0,0,9395
25,2020-02-16,3,10748,3,12,9,18,0,8,1,2,0,8,1,0,0,0,0,0,0,10865
26,2020-02-17,3,12455,3,12,10,24,0,8,1,2,0,10,1,0,0,0,0,0,0,12583
27,2020-02-18,3,14199,3,13,12,29,0,8,12,2,0,10,1,0,0,0,0,0,0,14352
28,2020-02-19,3,15952,3,18,12,34,0,8,12,2,0,10,1,0,0,0,0,0,0,16121
29,2020-02-20,3,18002,3,18,16,34,0,8,12,2,0,10,1,0,0,0,0,0,0,18177
30,2020-02-21,5,18693,3,22,16,37,0,8,14,2,0,11,3,0,0,0,0,0,0,18890
31,2020-02-22,5,22687,3,22,16,37,1,8,14,2,0,11,3,0,0,0,0,0,0,22886
32,2020-02-23,5,23170,3,22,18,51,2,8,14,2,0,11,3,0,0,0,0,0,0,23394
33,2020-02-24,5,24990,3,22,18,51,1,8,14,2,0,11,3,0,0,0,0,0,0,25227
34,2020-02-25,6,27650,3,22,22,53,1,8,14,2,0,11,3,0,0,0,0,0,0,27905
35,2020-02-26,6,30053,3,22,22,62,3,8,15,2,0,11,3,0,0,0,0,0,0,30384
36,2020-02-27,6,32898,3,22,22,62,45,8,16,2,0,11,6,0,0,0,0,0,0,33277
37,2020-02-28,7,36291,3,22,22,62,46,8,16,2,0,11,6,0,0,0,0,0,0,36711
38,2020-02-29,7,39279,3,32,27,72,46,8,16,2,0,11,6,0,0,0,0,0,0,39782
39,2020-03-01,7,42118,3,32,30,72,83,8,16,2,0,11,6,0,0,0,0,0,0,42716
40,2020-03-02,7,44810,3,32,30,78,149,8,16,2,0,11,6,0,0,0,0,0,0,45602
41,2020-03-03,8,47404,3,43,30,78,160,8,16,2,0,11,6,0,0,0,0,0,0,48229
42,2020-03-04,8,49955,3,43,41,78,276,8,16,2,0,11,6,0,0,0,0,0,0,51171
43,2020-03-05,8,52240,3,43,41,78,414,8,16,2,0,21,6,0,0,0,0,0,0,53797
44,2020-03-06,8,53888,3,46,135,78,523,8,17,2,0,21,6,0,0,0,0,0,0,55866
45,2020-03-07,8,55478,3,76,135,78,589,18,18,30,0,21,8,0,0,0,0,0,0,58359
46,2020-03-08,8,57320,3,76,118,78,622,18,18,30,0,21,8,0,0,0,0,0,1,60695
47,2020-03-09,8,58735,3,76,118,78,724,18,18,32,0,21,8,0,0,1,0,0,1,62512
48,2020-03-10,8,60106,4,101,0,78,724,18,18,32,0,21,8,0,0,1,0,0,1,64404
49,2020-03-11,8,61644,4,118,0,96,1045,19,25,183,0,21,8,0,0,1,0,0,2,67003
50,2020-03-12,12,62901,4,118,0,96,1045,19,25,183,0,21,8,0,0,1,8,0,2,68324
51,2020-03-13,12,64196,4,118,0,97,1439,19,46,193,0,23,8,0,0,1,8,0,2,70251
52,2020-03-14,12,65660,4,118,0,105,1966,19,46,517,0,23,8,1,0,1,12,0,2,72624
53,2020-03-15,12,67017,13,118,0,105,2335,19,46,517,0,23,8,1,0,1,12,0,2,76034
54,2020-03-16,17,67910,13,144,0,109,2749,21,67,530,1,23,9,1,0,1,12,2,2,78088
55,2020-03-17,17,68798,14,144,0,114,2941,53,67,1028,2,23,9,3,0,1,12,3,2,80840
56,2020-03-18,106,69755,14,144,0,114,4025,67,105,1081,2,23,9,3,0,1,12,3,2,83313
57,2020-03-19,108,70535,15,150,0,114,4440,67,113,1107,2,26,9,3,0,16,32,3,13,84962
58,2020-03-20,147,71266,20,191,0,124,4440,67,180,1588,2,26,9,3,0,16,32,3,13,87403
59,2020-03-21,171,71857,23,232,0,140,6072,67,233,2125,2,26,10,3,0,16,32,3,13,91676
60,2020-03-22,0,72362,24,235,0,144,7024,95,266,2125,2,92,0,27,2,16,65,3,13,97243
61,2020-03-23,0,72819,34,235,0,152,7432,140,453,3355,2,119,0,27,4,16,65,5,13,100958
62,2020-03-24,348,73280,40,285,0,156,8326,140,3243,3794,2,119,110,52,4,16,24,5,18,107705
63,2020-03-25,361,73773,43,310,0,160,9362,140,3547,5367,2,119,183,52,12,16,65,7,21,113770
64,2020-03-26,681,74181,45,359,0,172,10361,150,5673,7015,6,172,184,63,12,16,29,11,21,122150
65,2020-03-27,869,74720,73,372,0,183,10950,151,6658,9357,6,194,256,72,31,16,29,11,23,130915
66,2020-03-28,1072,75100,84,404,0,198,12384,151,8481,12285,6,244,466,72,31,16,31,15,29,139415
67,2020-03-29,2665,75582,95,424,0,212,13030,151,9211,14709,6,244,466,72,31,16,31,15,29,149082
68,2020-03-30,5644,75923,102,424,0,228,14620,171,13500,16780,120,257,466,228,31,16,37,19,76,164566
69,2020-03-31,7024,76206,123,424,0,240,15729,179,16100,19259,127,358,1592,240,31,16,46,25,76,178034
70,2020-04-01,8474,76405,148,472,0,245,16847,179,18700,22647,127,422,1324,248,50,103,61,25,94,193177
71,2020-04-02,9001,76565,191,472,0,266,18278,192,22440,26743,127,520,1735,256,50,103,61,25,125,210263
